10000
10 39
6 94
1 1
4 19
6 56
6 16
1 51
10 44
4 24
4 68
2 96
2 57
3 100
7 7
4 4
4 61
3 53
2 36
4 64
10 72
2 36
2 87
3 40
9 80
2 26
5 66
1 30
1 20
7 79
5 2
1 54
1 21
3 46
7 66
2 7
8 60
10 26
6 96
10 82
3 12
1 21
10 45
3 54
9 47
1 28
5 45
2 21
4 98
10 58
2 7
5 82
7 17
10 55
3 92
5 12
1 31
4 74
7 97
1 29
8 57
8 59
8 69
8 46
2 57
3 8
4 62
4 87
9 36
10 82
10 43
4 70
5 84
7 90
10 82
2 85
9 97
4 3
3 64
7 94
6 31
3 94
2 49
10 57
5 74
2 97
1 13
9 24
6 48
2 3
10 89
8 44
2 14
7 43
7 39
1 38
6 100
8 76
2 57
3 33
2 76
2 50
3 28
10 29
4 17
7 78
3 7
9 51
8 30
8 100
9 69
6 5
4 35
9 49
5 95
7 34
7 99
4 26
6 9
3 86
1 69
4 29
1 67
5 20
5 52
8 39
5 77
6 51
5 3
10 59
4 40
6 25
9 76
4 2
3 1
2 79
1 58
10 48
9 15
10 37
1 42
10 44
8 92
7 34
9 70
5 12
2 79
3 24
6 2
8 27
9 81
2 43
5 10
1 81
2 57
2 37
6 46
8 94
8 58
5 32
1 92
4 95
4 90
2 86
2 79
1 80
10 78
9 89
3 63
8 10
7 37
6 96
9 15
2 29
2 9
3 33
8 38
1 36
8 89
3 64
6 70
3 85
10 77
6 51
5 28
7 88
2 84
7 16
9 36
5 85
2 54
10 21
1 23
6 40
4 0
7 2
7 88
3 0
4 60
2 26
5 61
8 66
3 84
3 7
4 16
8 20
2 65
1 50
10 99
2 40
6 17
4 82
3 29
1 78
7 76
7 63
4 2
7 43
2 96
2 27
6 85
1 83
8 29
9 78
5 65
1 84
9 50
1 49
7 18
3 90
8 39
6 26
4 58
4 6
8 47
5 15
10 38
3 12
9 16
1 54
3 74
7 8
6 77
8 34
5 33
7 54
4 91
8 72
10 27
5 38
3 56
10 30
10 87
5 87
4 60
10 19
2 33
1 78
5 98
4 28
2 48
7 71
8 41
9 1
2 40
9 9
6 85
10 33
7 11
10 87
1 100
10 74
9 57
6 85
7 85
5 27
4 13
10 46
6 72
8 30
1 19
2 100
3 22
5 60
5 46
6 94
1 11
4 83
7 90
4 83
2 49
3 18
8 73
10 77
7 74
4 30
8 10
4 8
4 91
4 7
8 22
10 26
2 67
3 58
8 84
3 3
10 68
10 82
3 95
5 9
5 47
6 30
8 63
4 0
3 30
6 29
9 31
1 99
2 88
4 17
4 30
10 61
1 77
7 93
10 48
10 18
10 51
4 83
2 1
6 43
5 59
8 61
6 5
1 97
3 24
7 13
7 81
5 63
1 39
4 45
4 64
3 28
4 16
4 76
6 90
5 54
3 65
4 93
4 32
6 11
7 14
3 25
7 63
2 77
1 5
8 66
4 98
10 92
3 18
2 31
10 38
6 82
10 18
4 19
4 63
10 42
10 23
1 58
4 10
5 10
3 59
7 5
3 3
8 37
9 10
4 43
7 23
6 71
4 56
10 61
3 51
5 35
10 3
10 90
1 27
1 42
2 67
7 45
3 68
8 0
3 42
10 88
10 79
10 93
9 49
8 26
4 43
4 59
10 20
1 69
8 39
1 35
9 72
10 72
5 18
9 54
5 85
10 19
2 87
10 37
1 14
4 31
6 65
2 30
8 96
2 93
6 88
5 83
8 42
2 4
9 62
1 37
6 35
1 79
7 22
9 18
7 3
7 61
8 63
10 64
8 27
5 58
10 10
6 73
10 15
5 57
5 43
3 55
7 58
9 56
1 95
10 63
4 74
8 82
7 27
9 18
10 90
2 36
2 52
5 60
2 84
4 74
3 73
1 33
1 76
5 28
9 42
5 83
8 41
2 63
2 26
8 35
6 29
8 92
5 28
8 33
5 7
9 9
4 90
4 26
2 44
8 40
3 33
4 73
7 10
3 26
10 100
6 8
3 47
8 9
8 15
8 38
3 57
6 8
7 15
6 19
4 92
3 20
4 47
6 39
6 18
8 3
2 4
2 50
5 83
10 31
2 11
4 67
1 80
8 19
2 54
4 32
5 68
4 57
1 17
4 58
9 13
9 39
8 51
8 56
10 70
3 68
2 63
6 7
9 84
8 16
3 36
8 37
5 51
4 100
10 55
7 38
1 40
5 12
1 71
5 60
4 88
3 27
5 7
8 36
3 31
9 85
3 46
8 97
10 59
1 36
1 3
10 97
5 100
1 3
5 44
5 35
6 30
2 39
8 89
5 41
6 25
9 90
10 38
1 61
1 84
9 42
2 45
3 76
1 57
1 44
3 4
8 44
9 100
4 8
10 54
10 90
5 26
6 53
6 55
3 13
8 86
4 49
9 92
10 89
2 61
6 30
1 30
10 44
9 62
10 32
3 30
2 91
2 25
7 93
1 64
3 37
8 77
2 32
8 70
1 80
7 42
3 93
8 16
9 9
2 42
5 52
8 88
4 48
6 82
1 63
3 70
10 87
1 29
3 22
7 36
6 57
10 14
4 18
6 63
2 58
8 88
8 91
9 35
7 83
4 12
4 41
7 43
5 81
7 64
7 28
4 71
4 5
6 94
10 85
4 51
4 99
8 86
9 15
8 69
7 35
9 65
10 25
3 53
10 31
10 45
5 19
9 23
3 68
8 99
8 64
7 8
6 3
10 55
8 100
10 70
8 63
1 58
8 65
3 21
3 23
4 12
9 74
5 22
1 90
2 72
5 45
6 69
9 63
6 87
1 97
1 15
2 2
1 46
5 61
10 12
2 10
2 9
8 54
10 94
4 67
3 6
8 79
10 32
1 36
3 41
2 67
6 36
3 49
7 98
9 94
8 91
6 42
9 33
3 32
5 49
7 47
5 10
7 80
7 26
8 42
4 25
9 28
6 78
4 38
4 59
1 63
9 22
9 56
1 41
3 95
10 98
8 78
5 77
10 65
4 12
4 88
6 96
10 21
3 30
8 48
6 36
9 2
4 47
7 59
9 53
7 67
5 84
9 90
2 73
7 42
5 75
8 76
5 8
4 60
4 14
1 5
4 80
7 18
6 53
5 65
5 68
1 66
9 18
1 78
7 10
8 33
1 42
2 15
8 87
6 3
9 66
7 45
9 46
2 48
8 57
6 100
2 60
3 84
6 19
5 50
6 47
5 99
9 2
7 39
6 6
2 82
3 0
8 78
2 75
2 66
8 30
7 47
5 39
2 63
3 95
3 19
2 62
7 12
10 6
9 81
8 90
7 35
2 55
7 59
2 42
2 94
2 13
1 90
7 7
4 83
1 79
7 74
6 25
3 60
6 91
7 85
8 9
8 24
6 74
7 100
8 66
4 28
9 90
4 34
4 15
8 84
8 74
6 91
4 23
1 48
8 49
1 57
7 100
10 51
9 62
5 93
8 58
4 98
9 99
10 52
3 47
3 20
6 51
1 71
1 65
7 6
10 100
4 5
2 77
8 97
4 6
6 44
9 91
8 90
8 67
6 4
9 71
9 100
1 62
8 36
1 64
3 57
8 45
5 72
9 78
9 17
1 20
5 8
4 44
4 61
6 96
9 65
1 29
3 14
4 66
3 23
2 80
1 48
7 87
6 90
8 70
2 24
8 24
5 18
3 6
9 28
10 16
6 4
3 41
7 94
4 57
7 23
2 14
7 72
5 78
4 58
8 25
7 85
9 52
3 68
6 40
4 26
4 76
7 52
6 72
2 33
1 23
6 87
9 8
3 67
1 70
2 22
9 15
3 15
1 79
1 71
10 75
3 67
3 18
6 15
2 79
1 93
10 79
8 14
2 33
2 29
4 72
9 44
4 25
1 12
4 93
9 52
3 39
4 71
4 21
10 34
3 73
2 21
9 34
4 100
10 74
5 83
1 53
7 91
4 36
8 68
9 26
9 47
3 92
7 98
6 71
10 90
4 57
7 45
4 17
7 32
2 29
7 92
9 99
1 80
6 43
10 92
2 84
8 61
9 69
9 87
1 98
1 49
2 11
7 14
7 90
3 48
10 72
9 85
1 100
7 100
6 98
5 56
7 64
9 27
7 46
1 17
7 26
9 22
2 16
4 64
2 26
5 87
9 37
8 28
5 34
5 95
8 82
8 23
2 62
10 90
2 36
1 16
5 39
6 18
7 55
6 85
8 93
1 19
3 95
10 40
9 10
7 83
4 37
5 83
5 11
6 15
3 2
10 36
6 66
2 81
2 54
1 80
5 0
9 3
7 41
5 70
4 66
4 37
2 48
10 14
3 43
2 22
7 98
7 6
10 21
5 57
8 92
8 76
9 83
2 68
9 47
8 72
3 83
9 67
1 81
7 24
4 82
2 20
7 40
5 62
2 93
7 5
5 95
4 34
10 13
5 39
3 60
3 84
10 13
9 77
1 75
2 65
1 8
10 31
10 26
8 94
1 25
1 48
3 64
4 93
6 24
3 99
6 91
9 82
6 22
9 63
2 1
5 0
1 35
5 31
7 15
7 65
5 61
7 70
5 44
1 37
5 50
2 73
9 0
1 59
10 97
7 52
10 65
2 94
7 48
4 31
2 51
3 20
4 49
5 60
8 28
10 51
3 61
8 33
4 71
7 47
6 72
4 50
3 29
9 1
1 32
3 64
8 29
10 91
8 36
7 14
2 84
2 56
7 7
7 2
3 53
1 26
1 84
5 99
9 87
3 98
2 57
8 62
8 99
10 96
5 98
5 28
10 13
9 75
1 85
7 71
2 10
3 73
6 42
4 68
7 55
5 26
3 4
4 49
10 49
2 30
6 58
2 74
10 5
10 56
10 27
2 39
4 85
1 13
6 62
5 32
7 40
1 1
8 64
4 15
7 25
3 10
1 58
8 41
7 70
9 43
2 96
5 54
3 60
8 70
10 48
10 21
6 5
1 38
9 90
6 86
3 82
5 62
1 60
6 89
6 99
7 38
3 94
9 21
5 7
9 9
5 34
5 75
5 63
1 18
5 9
10 90
10 27
1 26
7 87
10 2
1 81
10 31
5 90
10 35
6 93
10 64
9 99
1 41
7 83
8 53
10 61
6 86
3 61
9 86
3 96
1 42
3 3
4 27
1 44
3 94
10 23
6 25
2 95
10 27
1 33
6 96
6 91
6 28
6 78
6 14
2 76
4 23
4 22
6 2
10 10
8 16
8 88
9 22
5 14
8 72
1 64
10 48
10 12
1 11
2 31
5 28
1 18
8 15
1 11
3 95
2 52
4 25
6 84
10 55
7 96
6 20
9 93
5 75
6 47
1 66
6 40
10 71
9 25
2 11
8 64
7 84
1 94
3 54
1 38
4 23
5 21
6 18
8 79
4 46
1 8
7 44
8 43
9 67
5 88
4 0
6 85
8 13
5 24
5 32
4 77
8 66
2 76
3 81
4 70
3 50
3 21
9 89
6 42
1 99
5 76
7 78
5 67
5 52
3 64
5 19
6 81
5 17
4 22
8 91
5 41
10 44
3 44
1 99
9 75
9 14
1 37
1 62
3 46
7 30
1 47
10 61
8 61
3 28
2 36
2 8
5 38
1 1
9 86
10 90
1 0
7 59
10 73
5 65
6 89
4 42
5 23
3 84
10 55
2 44
3 28
10 86
10 75
4 54
2 40
4 75
10 26
10 69
7 8
2 90
5 5
10 57
5 58
8 78
7 70
2 91
2 54
2 84
1 99
3 6
3 97
5 14
5 51
1 10
5 89
7 3
10 8
2 88
1 60
10 87
4 2
3 46
8 65
3 60
1 1
8 26
1 8
3 54
9 12
3 33
9 27
8 29
8 39
8 9
9 65
7 59
10 56
4 1
10 86
3 10
3 9
1 43
4 90
8 70
2 30
4 76
2 87
4 44
8 6
6 90
5 100
5 56
1 85
9 85
10 85
8 42
7 87
9 21
3 57
7 81
8 67
2 74
9 64
1 32
8 92
5 31
8 6
2 29
7 98
2 43
2 76
1 43
10 30
3 63
8 64
3 52
2 40
1 19
9 53
9 70
1 21
8 84
6 41
1 39
4 7
7 93
5 94
10 58
4 44
4 52
4 87
7 21
1 95
3 47
2 3
2 11
6 82
1 95
9 56
5 89
9 3
4 4
4 99
4 96
9 5
10 7
1 72
5 67
10 39
3 89
2 22
2 0
9 61
9 16
9 39
8 21
2 16
1 96
9 40
5 15
4 7
2 32
8 75
8 10
9 75
1 43
1 59
8 60
7 21
1 66
6 22
5 58
5 68
7 100
5 92
4 22
4 46
7 76
2 59
4 82
9 54
1 56
5 65
10 94
5 21
3 82
10 47
8 69
8 98
3 78
3 51
3 5
9 9
7 26
6 51
3 66
5 3
8 71
4 82
9 70
1 70
3 59
10 31
4 12
2 5
5 82
2 99
1 26
3 84
3 8
3 35
3 67
1 3
5 71
9 31
6 33
6 45
9 36
4 18
4 63
6 88
10 16
7 28
2 82
5 6
10 40
10 62
9 38
5 68
3 12
2 65
3 27
3 45
10 21
9 7
10 92
2 50
8 70
5 98
3 2
1 76
5 77
7 33
6 64
10 47
8 68
10 42
1 60
7 21
1 11
10 88
9 19
8 13
5 62
1 69
2 12
2 15
1 34
5 12
9 62
3 4
2 94
4 97
4 80
10 39
4 0
2 35
5 43
3 21
5 52
7 82
2 94
2 87
9 27
1 31
9 98
7 48
9 29
2 85
2 93
2 35
1 97
1 73
5 58
9 44
2 9
10 85
4 5
5 6
2 49
7 45
5 41
5 22
4 91
7 74
5 67
10 80
7 79
7 62
5 52
9 98
2 78
5 37
5 30
7 65
9 28
6 33
5 44
8 46
4 55
7 0
3 12
9 9
2 69
1 50
4 29
4 46
2 25
4 47
1 26
9 49
5 97
2 50
10 42
7 7
8 8
2 17
7 32
9 59
7 73
10 46
4 63
1 46
5 71
7 92
7 39
6 72
5 84
7 39
3 9
7 5
9 54
3 68
5 74
7 60
7 22
8 61
1 15
5 23
2 52
3 43
8 46
3 88
5 57
3 85
1 47
7 66
1 47
3 82
10 65
6 55
2 88
5 88
7 52
5 10
3 79
3 63
9 93
7 69
4 61
3 1
3 51
2 30
10 74
6 84
1 93
10 96
1 9
2 60
9 68
3 17
10 72
6 6
3 48
9 31
8 95
1 6
5 74
7 84
7 45
8 92
3 24
10 1
10 74
1 23
7 72
8 71
2 23
10 77
1 52
6 72
5 94
8 11
8 98
2 82
6 24
7 24
4 60
4 15
9 18
4 94
4 27
10 45
8 16
7 99
1 100
4 42
10 54
7 11
3 87
2 80
4 65
6 19
9 36
10 78
10 31
4 7
9 47
5 10
1 24
6 82
8 66
9 20
9 42
3 83
7 20
10 97
2 1
4 27
5 80
3 41
8 33
2 69
8 63
8 27
3 31
6 69
10 37
3 4
9 74
2 26
5 8
2 56
5 27
8 47
5 82
2 84
10 25
3 10
4 92
7 61
9 40
6 63
10 96
8 19
8 72
8 65
7 9
1 75
4 1
4 83
4 92
2 60
4 10
6 8
10 8
1 27
4 9
2 41
5 78
6 2
4 36
5 14
4 71
8 27
2 9
1 67
1 80
4 98
3 10
5 36
1 40
5 49
9 37
10 53
8 90
1 37
7 100
1 15
9 30
9 39
4 58
9 100
3 17
2 84
10 65
3 84
4 59
3 17
1 0
3 57
10 77
3 68
10 45
6 94
5 66
4 67
7 46
7 96
8 24
10 90
5 93
3 89
5 6
3 76
2 56
8 19
10 10
8 29
10 14
5 96
10 16
5 10
10 11
9 82
1 83
7 43
7 57
6 94
1 45
9 91
5 18
10 47
3 68
6 63
3 21
1 8
6 61
10 54
3 40
1 18
10 34
3 96
4 87
10 81
7 58
5 7
8 88
2 72
8 48
4 6
4 52
3 3
2 74
10 92
3 21
9 45
3 49
5 44
7 85
10 49
10 96
2 10
4 80
9 65
1 88
3 33
8 46
6 75
4 11
7 18
2 30
6 100
1 66
4 4
5 7
8 29
6 42
3 71
9 54
6 29
10 65
5 64
5 19
5 66
4 21
1 3
4 96
10 83
8 32
9 45
3 20
2 23
3 92
4 7
3 97
3 38
4 64
10 44
7 3
3 49
8 77
2 35
8 74
5 1
4 28
1 47
10 86
3 27
9 81
9 91
6 47
5 69
1 30
1 27
3 10
4 16
1 99
7 74
1 48
4 50
5 59
4 57
1 31
8 78
7 33
1 68
9 75
7 80
4 23
3 58
1 64
10 54
8 82
8 89
1 62
9 55
2 56
5 40
2 2
7 19
5 91
2 94
4 80
5 46
6 81
2 94
5 36
1 15
3 69
2 60
7 75
9 96
2 28
6 97
10 95
8 54
6 81
3 42
3 77
8 20
2 14
8 83
3 26
2 96
8 27
4 11
8 8
8 23
8 22
1 46
9 35
7 21
2 81
10 9
7 18
6 4
7 17
1 29
5 64
1 59
10 8
6 40
6 43
5 33
1 88
2 24
8 34
4 42
7 30
5 78
3 67
2 68
7 75
8 7
8 62
10 34
7 87
6 20
8 50
10 74
4 68
1 100
2 0
1 64
5 30
10 76
1 41
2 66
5 85
4 55
3 55
3 83
8 1
5 74
9 94
7 0
9 98
9 89
4 94
1 14
6 78
8 89
4 97
1 99
1 65
6 5
4 29
6 64
2 73
9 64
4 31
7 56
4 57
10 79
3 87
6 67
1 9
4 63
4 86
3 50
7 79
1 39
3 66
10 84
1 18
6 77
6 12
6 94
5 7
4 0
10 19
4 25
4 80
9 69
9 63
9 20
9 41
10 95
4 30
3 19
6 58
3 60
7 48
1 1
1 38
8 87
8 95
7 23
10 45
7 35
7 28
6 22
2 91
8 45
2 83
9 77
8 63
9 18
6 57
3 12
6 22
10 17
2 5
8 12
8 15
6 44
6 38
4 2
4 49
3 6
2 81
1 43
1 42
9 6
2 74
1 20
10 60
9 30
4 97
7 53
10 84
5 69
9 38
8 75
7 83
3 86
3 77
7 67
5 82
6 69
3 70
8 57
1 39
7 32
4 79
6 65
5 99
2 50
4 19
4 30
3 23
8 88
5 31
9 35
10 100
8 8
4 87
6 92
6 50
8 90
7 7
4 97
10 19
3 40
3 27
7 41
2 96
9 47
2 29
4 58
9 56
3 75
3 74
4 62
6 65
1 25
2 71
7 9
5 64
1 13
6 83
2 60
7 94
6 53
6 92
1 29
5 14
9 99
1 94
8 60
3 30
2 48
1 24
4 57
6 75
5 97
5 37
8 39
1 8
7 16
2 39
6 55
3 25
10 16
1 29
1 50
10 17
7 84
4 35
6 7
3 27
9 28
2 82
10 24
5 43
4 57
8 37
3 32
10 89
4 69
8 22
7 79
3 79
6 7
7 59
1 44
1 85
10 52
3 32
1 68
10 78
1 21
1 23
2 99
10 84
1 84
9 42
1 37
2 54
6 64
10 29
10 95
6 78
6 94
10 39
8 70
6 82
4 40
3 74
8 93
9 6
8 47
2 98
6 3
2 44
9 0
7 99
4 16
1 28
8 56
8 44
10 8
5 39
10 10
3 34
4 95
6 35
8 90
6 66
2 41
5 13
1 42
2 77
4 84
7 19
2 17
8 54
3 48
3 61
2 75
1 10
7 20
5 32
2 41
9 3
1 0
5 19
3 70
3 44
10 50
7 90
10 70
3 44
7 28
4 65
7 27
9 7
3 30
1 44
7 20
6 75
1 87
10 44
6 83
6 95
7 9
1 35
10 1
7 25
1 68
3 27
10 27
5 29
7 54
3 46
2 61
4 41
3 14
9 73
10 0
8 51
6 34
8 40
3 25
8 38
4 81
9 63
1 34
3 10
8 67
10 85
8 21
5 17
8 33
8 30
2 71
6 20
2 73
7 67
9 17
10 70
4 79
3 58
7 21
2 22
10 55
8 63
10 79
9 23
3 16
7 13
7 32
7 85
5 10
6 32
5 66
2 21
8 24
6 13
9 59
4 6
5 72
8 79
9 96
6 74
2 52
4 64
4 90
9 74
2 60
6 75
6 33
4 53
6 20
8 27
3 15
10 38
9 65
1 11
4 14
1 36
2 28
9 30
5 52
10 31
7 91
10 19
10 7
5 58
7 63
4 76
7 61
5 0
3 51
6 16
5 40
8 84
2 46
2 62
9 48
9 5
2 51
3 13
1 95
1 41
3 14
4 50
8 18
9 8
6 8
7 65
2 32
3 87
8 88
3 33
7 15
6 94
2 7
9 61
8 55
5 67
1 61
10 4
2 10
1 25
9 61
2 100
3 8
7 98
2 85
2 69
6 42
4 37
2 31
6 99
7 54
10 5
6 41
4 57
1 27
7 50
6 8
10 45
2 74
8 9
2 92
9 16
9 20
10 75
10 75
9 15
1 45
3 69
9 86
6 28
4 4
8 99
4 42
4 16
7 70
5 15
9 44
7 71
1 17
4 16
9 72
2 15
1 1
8 28
5 1
1 33
9 96
5 31
4 23
2 9
2 87
7 44
10 71
3 65
6 8
8 44
1 0
7 43
9 91
7 15
7 34
4 16
2 54
9 82
7 71
9 64
10 9
1 90
6 100
8 84
5 93
9 17
1 17
1 71
7 25
9 81
10 46
5 58
2 2
1 52
5 95
3 39
5 68
1 81
5 14
6 40
7 41
10 78
1 78
1 42
5 21
3 98
6 71
9 85
3 5
5 61
3 12
2 26
7 27
6 68
7 21
6 100
7 35
9 6
4 14
6 30
10 23
10 6
3 47
1 96
5 24
3 79
6 3
8 2
8 65
2 47
5 20
10 10
1 14
6 70
7 0
7 21
5 2
8 6
8 40
10 60
5 23
7 75
9 70
6 77
9 52
6 57
6 15
6 26
6 55
7 92
2 76
7 43
5 11
4 34
7 23
3 52
8 8
6 21
10 50
8 54
2 48
8 99
3 84
4 49
6 35
10 22
5 62
10 41
4 61
3 99
8 42
9 22
5 73
8 55
3 9
1 66
5 11
3 74
6 46
4 43
9 8
2 24
3 87
3 29
10 5
9 92
7 2
4 77
8 44
8 78
4 7
9 96
8 62
1 58
9 15
10 14
2 97
1 73
8 1
1 69
7 8
4 58
3 59
10 46
7 31
3 49
5 88
2 77
8 55
4 82
4 8
2 32
8 14
3 68
4 1
9 63
7 48
3 31
10 30
2 47
3 37
8 77
5 44
4 5
4 47
9 1
6 73
7 90
3 12
10 36
4 96
7 21
4 8
4 27
7 19
9 64
4 86
1 5
2 62
3 75
7 19
7 74
4 18
7 87
1 81
9 29
6 45
10 92
1 22
5 18
2 4
5 91
4 24
8 9
3 19
10 36
3 12
3 41
10 1
5 72
1 62
5 12
1 77
3 18
3 91
8 24
10 26
5 16
9 81
3 75
5 98
9 51
5 48
10 39
5 59
8 54
8 4
7 59
5 76
10 0
5 53
4 6
7 44
4 80
9 53
2 91
7 25
5 40
5 70
8 22
4 55
10 95
8 75
6 100
1 5
1 80
5 59
3 73
10 90
7 77
8 55
3 97
2 59
10 48
5 5
6 9
5 37
7 23
3 4
9 17
4 92
8 40
6 45
1 41
3 31
4 28
8 25
8 8
7 49
8 33
7 41
4 95
5 10
8 60
9 32
7 1
5 50
9 33
1 58
4 99
10 18
2 0
9 63
5 7
4 82
7 79
2 22
2 22
5 74
4 4
10 98
3 22
4 36
8 86
3 100
3 89
10 15
5 28
2 53
7 48
6 66
6 70
5 83
3 35
1 93
9 58
4 86
4 21
10 16
6 68
1 83
9 64
6 12
9 99
1 49
4 23
4 6
2 75
5 68
8 23
1 76
9 52
5 97
5 90
7 69
3 42
2 85
1 2
2 3
4 38
10 67
5 7
5 40
9 66
3 17
10 44
6 95
9 97
9 100
10 41
3 58
8 55
2 91
2 37
4 49
1 44
8 100
3 98
2 26
6 99
1 4
1 59
2 14
1 8
6 4
3 47
1 94
8 97
3 63
8 75
3 33
6 72
8 13
6 57
8 21
3 32
6 56
1 65
2 51
2 73
2 41
3 54
8 56
7 58
2 11
3 19
5 99
1 84
10 86
1 21
3 88
9 86
1 16
10 20
6 16
7 1
3 50
1 44
4 78
10 40
6 25
8 45
7 97
6 68
9 44
8 82
6 30
7 63
5 35
3 3
1 1
9 19
1 60
7 69
3 75
3 71
4 94
7 23
8 69
9 49
10 68
8 3
9 38
1 80
2 20
5 88
1 79
8 13
3 66
9 59
7 35
9 72
6 59
3 10
4 46
8 16
1 12
7 17
4 74
8 55
1 83
3 21
5 2
8 19
10 59
7 30
8 94
4 87
5 41
7 13
7 71
7 7
2 62
4 43
7 73
4 65
7 6
1 16
10 8
6 87
7 48
9 52
3 82
1 69
4 80
6 94
8 51
7 89
10 48
7 42
9 39
5 55
4 74
1 31
9 16
1 55
6 80
6 3
1 8
4 97
2 49
9 99
6 77
5 96
2 31
9 6
4 71
2 0
3 95
9 42
7 66
6 69
2 62
7 13
6 0
9 44
1 1
1 30
10 0
5 83
4 64
9 52
10 46
10 40
9 73
3 88
8 71
6 79
8 10
5 23
7 68
3 22
4 96
10 73
8 89
1 34
8 12
4 0
5 87
4 42
3 34
6 12
8 4
9 99
5 70
1 4
5 45
5 42
2 67
3 49
4 15
5 93
3 97
6 77
10 47
10 91
9 40
9 89
1 87
2 66
3 10
1 22
5 78
8 94
1 38
10 26
10 26
8 6
3 82
7 48
3 91
3 45
3 5
3 47
6 7
1 74
8 19
3 50
1 19
2 59
3 57
8 23
8 69
4 2
6 22
8 65
8 15
6 86
7 46
8 37
5 43
8 37
7 82
9 91
5 68
9 66
4 84
8 6
7 66
9 4
4 84
1 11
4 26
2 58
7 16
2 31
9 38
4 97
5 77
6 62
9 79
8 21
10 82
4 58
7 17
1 45
4 55
3 34
1 60
5 17
10 31
2 77
3 11
5 58
5 10
6 13
6 4
5 91
4 64
6 63
2 33
6 84
10 69
10 100
8 51
3 66
10 37
9 85
2 57
4 14
6 63
5 36
3 28
2 26
5 38
2 41
2 30
2 57
6 18
4 55
3 56
9 25
7 20
1 66
1 63
3 51
6 17
5 67
10 10
1 91
5 36
8 95
2 23
10 56
6 8
1 56
10 95
2 31
7 31
8 82
2 83
10 57
10 46
4 72
2 57
4 69
2 33
7 7
1 95
4 17
5 22
6 87
3 15
7 18
3 66
6 21
6 69
5 6
8 80
7 11
10 20
5 81
6 32
9 87
10 5
2 76
8 13
1 11
4 2
1 63
9 70
5 4
7 19
8 71
2 92
8 28
9 20
8 25
5 54
8 1
9 14
5 21
7 6
1 37
2 15
8 36
2 3
5 81
9 38
7 61
1 50
9 5
9 84
9 91
5 8
6 21
3 79
9 35
2 61
7 80
3 98
9 88
10 62
3 57
4 37
10 88
8 77
1 98
7 26
5 57
3 21
5 20
3 1
3 81
4 10
2 0
5 3
5 64
2 53
2 11
2 11
2 95
7 84
2 7
7 18
4 75
7 79
8 17
5 82
6 41
5 75
1 3
4 36
3 19
5 78
6 73
4 2
4 86
8 21
7 74
5 62
8 13
3 8
2 6
5 66
3 50
2 46
2 84
10 36
6 68
8 54
7 88
1 58
5 58
3 66
3 76
6 73
9 15
6 1
4 72
3 56
5 74
9 18
9 85
1 65
8 67
1 81
7 94
2 11
9 50
2 30
3 92
10 82
4 45
10 99
9 57
5 23
2 45
6 58
2 35
8 66
7 12
1 29
7 50
1 62
10 10
5 32
7 50
10 1
9 31
1 50
1 59
6 89
2 9
9 54
3 51
6 4
9 57
2 25
3 71
2 78
4 48
10 42
4 42
3 31
5 17
6 40
7 95
4 30
10 96
2 8
10 92
7 61
3 64
8 29
4 37
4 86
7 82
7 69
5 60
1 27
3 88
2 52
8 24
4 13
6 44
8 56
6 50
8 74
10 62
8 26
5 57
10 27
2 10
6 97
2 63
4 46
3 37
1 95
4 12
10 55
7 3
5 17
8 40
4 59
5 67
5 9
10 91
5 78
8 100
2 3
7 36
10 36
4 51
7 100
3 64
4 0
7 77
8 58
6 14
3 21
2 22
9 24
1 45
9 22
1 20
3 18
6 67
10 81
2 48
10 14
1 92
10 61
9 41
2 36
3 51
3 26
3 4
2 43
10 56
8 35
1 24
5 41
2 55
1 94
2 16
1 69
9 91
7 29
5 27
2 72
7 70
2 21
8 6
3 24
3 2
4 36
1 30
10 44
5 0
3 44
8 49
6 81
7 46
7 8
1 43
2 77
1 18
1 65
8 42
2 53
8 29
6 22
7 63
3 64
9 77
8 63
2 64
3 19
5 12
9 54
4 80
2 51
9 44
4 19
4 85
2 36
9 90
6 27
2 70
10 77
8 38
10 78
7 25
8 89
4 11
3 84
3 62
8 11
1 73
5 73
6 20
2 87
9 47
9 10
10 15
7 58
8 71
2 95
7 83
2 18
9 26
8 63
2 52
7 47
5 80
10 21
6 13
3 34
4 81
10 40
1 28
3 59
5 30
2 98
10 59
6 49
8 62
6 45
10 4
8 34
7 39
7 32
9 66
3 31
10 66
10 33
2 33
9 95
4 50
9 32
1 55
7 86
3 48
1 78
2 47
6 21
8 19
2 93
2 48
3 12
8 25
3 27
9 29
4 30
4 89
1 5
6 84
5 70
7 28
2 29
5 41
7 44
2 84
2 66
6 39
6 85
8 39
9 20
5 19
4 39
5 58
3 64
7 65
5 65
7 6
6 40
3 5
8 67
6 51
4 44
1 57
4 14
9 67
5 18
7 31
2 63
2 8
5 84
4 40
9 56
4 50
1 56
7 31
4 98
4 94
10 19
5 91
10 100
5 50
5 47
7 1
3 97
7 47
10 57
2 46
9 34
8 51
3 33
1 6
2 25
10 60
8 22
10 95
9 34
2 97
2 55
9 75
1 56
3 33
10 47
3 13
6 61
1 70
9 81
2 52
2 96
6 77
4 41
6 45
4 41
5 73
1 71
9 88
1 74
3 83
3 9
2 71
3 18
6 84
9 16
10 91
10 52
5 45
10 36
10 23
10 47
8 35
4 15
5 68
6 26
5 55
5 75
9 55
6 39
1 13
1 49
5 87
3 36
9 87
2 4
10 38
9 66
5 14
9 50
8 19
7 40
2 96
7 46
8 96
7 81
10 69
4 70
6 44
4 22
2 5
9 8
10 47
2 6
6 38
2 79
6 70
9 94
5 55
8 76
4 41
9 58
9 55
5 36
6 97
1 29
3 46
6 16
3 42
1 38
6 35
5 90
6 2
7 25
4 98
6 55
2 81
4 76
6 0
5 14
6 78
6 66
8 59
3 54
9 69
5 28
3 43
3 52
2 44
3 60
8 21
9 38
9 84
3 88
9 44
4 33
9 65
4 76
4 54
7 89
4 46
7 21
4 86
8 9
10 36
4 7
10 64
4 60
8 51
5 15
4 92
5 68
10 87
5 55
5 74
1 89
2 46
4 15
7 40
4 73
3 80
1 98
4 98
9 16
10 95
4 78
7 22
3 7
3 76
1 99
4 47
6 24
8 90
5 83
5 68
3 52
1 1
3 45
7 49
6 27
7 72
9 24
6 32
8 4
10 80
4 42
2 6
6 98
3 14
5 96
3 58
3 44
3 54
2 22
3 52
8 62
1 49
2 100
4 22
6 88
4 22
10 64
4 61
5 70
9 72
6 93
7 17
2 62
9 88
6 98
3 75
1 66
7 65
1 90
4 48
3 61
7 42
6 70
4 13
6 67
5 94
5 18
6 77
5 94
10 30
7 58
4 23
5 46
3 46
1 65
6 45
9 72
7 94
10 38
4 76
3 25
7 8
9 36
4 26
3 15
10 47
1 15
3 5
2 83
6 67
6 55
1 24
2 67
9 13
8 5
6 54
1 66
9 16
4 50
2 20
7 29
2 65
3 49
10 74
9 95
9 95
4 54
5 22
10 61
9 21
4 34
4 100
1 81
9 58
7 22
9 84
5 4
6 61
2 50
5 11
6 1
8 75
7 46
9 25
2 60
3 90
10 98
10 63
3 64
5 8
2 23
5 67
10 36
4 29
4 4
7 42
1 97
7 88
4 53
6 60
1 23
9 49
2 48
3 23
9 34
3 30
9 21
8 92
2 43
4 61
4 24
2 4
7 4
1 75
8 43
6 55
1 36
6 81
1 84
10 76
3 92
4 12
1 73
7 72
9 8
8 77
10 33
4 57
9 0
10 1
8 12
1 40
5 31
5 75
2 89
1 76
2 31
9 85
9 46
6 25
3 60
1 70
5 59
3 43
3 9
6 91
5 48
8 82
4 71
9 61
1 77
1 37
4 55
7 71
8 6
4 70
2 61
4 100
6 94
3 14
10 6
3 56
10 95
9 68
8 91
10 68
4 60
10 11
3 21
5 65
4 0
7 40
6 89
3 23
1 76
6 90
5 20
6 40
6 72
10 45
5 85
1 11
6 93
7 86
4 61
4 15
5 11
6 24
8 29
2 100
3 86
8 60
10 73
6 90
3 73
6 19
9 99
2 49
1 45
10 29
9 97
9 32
6 22
1 28
4 77
2 53
8 12
4 6
6 62
4 47
10 33
9 68
6 55
10 77
8 86
7 52
2 97
2 83
3 56
10 41
4 61
3 41
7 33
9 61
4 72
7 41
8 30
4 16
7 35
4 98
10 18
8 12
4 22
7 79
8 69
9 57
8 91
10 48
6 22
9 0
10 52
10 99
9 52
8 40
6 28
2 99
2 53
2 86
10 44
9 90
2 35
1 85
3 70
8 25
3 36
3 25
9 39
1 9
3 7
6 43
6 5
4 74
5 10
7 5
1 57
7 0
2 15
5 65
4 3
3 19
4 95
9 70
6 34
9 79
1 14
10 85
8 73
2 15
2 100
4 77
10 39
2 54
1 42
1 53
2 58
1 55
6 17
2 99
4 61
6 90
8 7
8 12
10 39
8 5
2 37
2 20
3 96
2 72
1 33
4 69
5 64
5 33
5 5
1 7
8 27
2 68
9 20
9 33
2 70
1 83
5 73
3 34
1 31
5 43
2 85
1 87
7 46
5 11
4 77
10 4
8 20
4 36
9 48
7 46
4 40
7 38
8 64
9 61
3 48
5 79
5 60
8 73
3 64
3 32
7 34
5 74
9 0
6 51
6 61
4 25
10 50
4 61
7 94
4 65
5 52
8 96
5 98
5 36
4 76
2 50
8 82
2 28
7 48
10 3
2 20
2 93
5 92
1 51
7 10
7 59
4 92
9 3
10 12
6 64
8 64
10 76
6 2
6 10
4 56
8 94
4 69
10 96
2 72
4 11
1 89
2 48
2 70
4 74
4 6
1 1
6 64
3 78
3 58
5 86
2 79
7 92
8 82
3 23
8 53
6 47
1 30
6 42
1 53
3 37
2 49
8 36
9 19
10 35
4 82
2 53
7 24
10 95
5 39
5 34
8 77
4 41
7 96
9 96
4 32
3 5
7 81
4 6
5 30
10 83
5 32
3 83
2 0
2 89
10 65
4 61
4 94
7 93
1 7
2 9
5 49
10 28
3 90
8 56
7 54
5 0
7 62
10 87
5 76
2 2
5 72
2 48
10 93
2 51
9 63
5 20
10 53
1 13
5 52
8 81
6 99
8 86
1 73
8 9
5 79
2 91
8 82
7 47
8 78
3 61
4 25
7 82
9 83
8 92
4 94
7 85
6 30
4 85
5 74
8 72
6 18
4 43
8 67
5 65
10 81
7 28
8 16
8 27
3 27
1 84
3 77
1 85
2 74
6 13
9 77
9 13
9 73
3 31
9 52
8 23
10 90
4 68
4 53
6 100
5 28
1 7
5 24
9 57
10 15
6 50
7 76
3 58
6 17
9 71
2 37
3 70
3 64
10 62
5 47
7 66
2 1
2 72
4 47
10 30
6 49
9 15
7 60
4 98
10 1
3 67
9 72
5 23
10 28
10 15
5 95
10 29
9 65
4 63
4 36
3 25
7 19
2 19
3 72
7 15
3 91
9 62
5 95
9 84
5 32
7 70
3 60
9 82
1 40
1 54
9 0
10 68
9 68
3 65
4 30
10 99
9 26
3 68
3 55
4 37
3 4
10 88
5 63
8 81
4 2
5 82
6 92
4 69
7 85
6 20
5 98
3 63
5 89
1 0
5 65
4 14
1 16
9 51
10 19
10 13
3 84
3 18
4 66
5 100
10 32
5 49
1 7
1 4
4 50
5 34
4 9
4 86
6 81
9 11
4 21
5 8
6 72
5 52
5 48
5 32
9 43
6 90
2 50
9 21
1 57
3 50
8 18
2 41
2 63
6 19
9 88
4 31
6 90
5 66
2 34
3 8
9 22
7 37
7 98
3 87
4 66
6 100
5 39
1 93
9 9
2 59
7 50
7 71
2 19
2 29
9 72
1 77
6 83
4 36
1 10
8 66
10 18
2 2
1 87
8 31
7 40
5 93
10 21
5 40
9 46
3 30
10 80
10 28
1 13
1 67
5 2
2 56
7 39
5 97
2 71
2 73
2 68
8 48
5 10
8 24
4 1
10 16
8 33
6 75
7 55
9 64
3 6
5 65
10 26
1 60
4 54
10 90
2 68
6 24
2 8
5 71
6 22
6 51
5 41
7 57
7 30
4 39
3 97
4 66
6 70
4 22
9 47
2 12
7 36
2 61
10 19
6 14
2 32
5 13
10 65
8 18
4 25
9 57
6 4
7 83
1 87
1 42
7 51
5 24
5 1
2 62
6 50
2 33
3 94
2 40
7 38
3 70
10 19
3 81
9 55
7 1
4 18
10 87
7 0
5 72
7 34
8 25
3 12
8 63
10 86
6 74
3 53
1 7
2 85
10 55
6 10
7 21
10 26
4 69
6 96
9 91
4 62
3 30
2 44
10 0
4 35
2 42
3 5
10 30
9 24
8 17
4 43
3 35
9 67
9 47
7 1
4 70
3 40
3 90
5 55
2 1
6 5
7 21
10 94
2 48
1 41
7 61
1 100
5 23
7 52
6 73
6 75
5 85
6 36
2 43
4 33
2 55
3 21
7 90
5 1
10 58
1 68
1 58
3 15
9 84
1 7
8 54
4 19
7 81
9 13
5 79
10 39
2 27
1 94
10 78
4 63
4 71
3 2
1 64
10 58
5 98
5 20
2 20
8 99
10 3
2 62
9 79
1 96
10 62
9 55
8 7
7 69
2 3
10 33
6 49
4 26
5 31
8 2
5 64
8 43
8 48
1 17
9 82
9 82
4 51
10 28
7 19
10 35
1 16
7 21
8 86
8 57
4 69
3 94
10 3
7 58
3 69
8 10
7 2
8 34
8 15
7 75
10 59
10 29
9 47
9 94
5 80
6 65
9 0
2 55
8 89
6 41
4 5
3 87
5 9
9 88
9 98
9 53
2 0
10 42
3 41
9 95
1 13
10 55
4 96
7 22
5 83
2 81
8 71
9 39
3 77
6 99
4 81
5 97
2 67
3 25
10 95
6 76
7 27
7 77
5 22
9 61
5 60
8 11
1 87
5 84
10 24
2 44
2 92
8 42
7 16
4 39
8 31
3 87
6 69
7 46
10 36
5 70
7 60
1 62
10 46
7 94
3 8
2 36
5 20
5 52
7 52
6 99
3 82
9 6
10 88
7 62
2 80
3 0
3 49
3 63
10 27
10 34
6 37
3 22
10 63
8 59
3 53
2 80
4 65
2 17
9 10
9 99
10 56
2 26
3 23
1 42
7 60
7 11
7 69
3 24
1 89
9 86
5 84
6 21
3 3
2 31
9 57
6 66
1 87
1 50
9 97
5 33
5 25
2 96
4 63
5 69
4 16
9 2
9 78
8 96
5 44
6 86
7 44
2 64
1 97
5 30
4 66
8 49
1 68
5 100
4 21
10 58
3 85
8 91
7 91
8 78
10 84
8 60
3 38
1 51
2 11
10 19
5 91
6 93
10 14
10 37
9 88
1 48
1 30
10 62
8 1
3 19
8 37
8 69
7 42
10 100
1 89
4 3
1 91
4 76
5 24
2 18
10 78
5 51
1 34
4 73
2 70
7 5
2 84
4 38
6 10
7 79
10 16
8 3
3 94
6 10
2 41
6 83
1 89
7 9
7 13
3 81
5 49
1 15
2 35
3 24
1 23
4 39
7 72
10 69
1 75
9 83
5 68
2 41
4 11
2 20
8 83
9 8
8 87
5 22
3 89
10 66
6 63
5 26
5 17
1 96
2 52
4 48
6 56
2 19
2 68
5 69
6 50
7 18
7 42
4 36
5 62
8 81
1 37
7 27
2 30
8 12
1 95
1 66
9 51
10 70
4 37
8 0
6 69
10 78
8 55
7 89
6 41
4 20
5 17
6 73
1 24
3 93
9 28
6 84
4 99
8 67
9 18
7 59
10 47
3 48
1 98
6 33
6 10
4 71
3 68
3 75
5 31
1 14
4 42
6 54
4 3
5 1
2 4
3 51
9 16
4 31
2 8
4 70
3 34
9 36
4 4
10 27
4 79
9 62
8 1
4 48
5 12
10 3
9 5
4 5
1 82
7 57
8 89
4 46
5 89
4 5
8 98
9 65
7 42
4 95
7 16
7 4
9 84
3 61
6 57
6 23
10 87
2 7
4 10
3 46
1 85
10 74
10 23
10 12
7 48
4 85
4 81
10 95
7 85
4 59
6 24
10 57
1 100
5 50
1 68
8 49
8 22
6 14
3 40
4 7
8 80
3 53
9 50
10 90
2 75
1 5
2 77
9 32
10 18
6 87
10 87
5 4
1 13
9 20
2 47
4 36
7 93
5 31
1 59
2 16
4 4
1 37
1 63
3 59
5 31
10 3
5 17
4 35
4 80
9 73
5 67
1 89
1 76
9 86
7 98
8 62
10 52
9 69
1 96
10 22
4 75
1 37
10 17
1 68
8 35
7 66
3 46
9 97
1 67
5 58
9 94
1 19
8 79
4 88
9 38
3 63
2 46
2 69
4 87
3 14
3 93
5 45
7 48
7 21
4 59
7 55
10 28
4 78
6 68
1 33
10 63
4 0
6 87
10 25
2 28
10 67
4 91
5 47
6 44
3 48
8 29
10 58
10 5
10 38
4 6
9 93
9 90
6 31
3 76
7 93
4 22
10 99
8 40
10 0
7 75
7 15
5 65
4 89
4 9
4 62
9 6
8 10
6 55
10 94
4 18
1 37
5 36
10 3
8 51
9 65
4 43
8 6
9 63
1 72
6 25
4 57
8 57
3 88
1 11
6 22
3 8
5 6
5 88
1 68
10 83
8 50
1 49
9 34
1 1
9 46
2 92
1 32
1 17
1 90
3 57
9 59
1 64
7 60
2 47
3 83
4 26
8 63
5 5
3 54
3 72
8 65
10 97
6 49
10 94
6 68
3 38
6 16
2 15
2 79
10 12
1 8
10 66
5 94
4 97
7 63
3 16
2 51
1 84
1 46
7 98
7 77
10 96
2 71
2 79
9 28
10 51
10 59
10 36
4 23
7 8
6 88
8 51
3 2
5 47
4 98
3 90
2 100
10 89
3 84
2 5
9 21
3 49
10 96
6 77
4 8
1 6
5 36
3 75
10 75
8 1
4 71
1 70
3 70
1 21
2 99
9 90
7 17
1 29
6 40
6 95
10 12
9 38
6 24
7 85
3 66
9 46
7 72
9 21
5 92
2 62
6 81
2 87
4 83
3 27
6 58
1 4
3 74
6 3
7 73
6 7
8 70
5 6
8 100
7 35
3 80
1 77
7 70
2 81
9 77
2 0
8 90
8 82
4 17
1 47
8 22
5 10
1 64
3 46
7 92
5 66
6 76
3 71
6 45
6 15
1 49
5 64
1 89
9 20
2 24
8 48
1 57
4 51
1 90
6 1
9 38
4 21
2 60
4 14
9 20
1 14
3 31
8 48
10 81
1 15
6 15
2 92
8 1
5 22
3 2
4 36
10 13
10 10
4 1
10 12
6 81
5 13
9 25
8 82
5 80
2 15
3 52
5 43
10 10
7 98
4 35
6 49
2 65
9 55
6 56
9 20
5 61
9 75
4 20
10 9
1 0
10 38
4 51
6 76
10 13
5 80
8 79
2 15
10 59
7 34
7 91
4 66
3 91
9 44
6 57
7 33
5 2
6 93
6 36
10 49
8 56
2 13
8 51
2 25
10 5
10 43
9 98
1 67
8 94
1 25
9 64
4 94
4 29
2 61
7 73
1 88
4 99
6 54
7 93
4 70
4 39
2 88
4 57
1 90
7 56
1 72
4 100
6 81
9 73
9 20
2 20
1 51
3 89
5 8
6 5
3 46
6 15
6 64
6 10
10 25
1 47
10 9
1 79
3 87
9 67
2 10
1 2
5 8
3 55
6 13
5 59
1 60
2 55
8 0
1 54
5 56
9 55
6 4
5 46
8 51
8 35
1 68
4 86
6 94
10 49
7 50
6 21
8 58
4 2
5 16
2 70
1 51
5 57
2 88
5 61
2 90
1 99
9 73
5 81
2 3
8 45
5 43
6 57
4 10
7 80
6 13
5 70
5 17
5 17
3 24
6 49
7 18
3 73
2 79
2 25
4 84
2 61
1 16
7 96
9 60
4 42
8 34
8 3
3 71
7 39
4 7
3 53
2 87
1 85
3 10
7 13
7 97
10 29
3 56
6 31
1 85
10 79
8 25
4 81
4 44
7 29
6 47
3 55
5 70
3 35
1 1
4 97
5 72
9 48
8 33
10 87
7 37
8 22
3 0
6 88
2 82
2 45
3 90
2 90
5 18
4 10
3 90
2 61
4 98
9 51
1 55
1 22
9 92
2 33
10 5
1 33
8 16
1 71
10 51
10 62
7 63
3 15
6 11
5 71
2 57
6 39
5 69
6 81
6 95
10 87
10 17
10 66
2 50
6 49
1 96
1 56
3 11
8 91
10 96
1 28
6 32
10 50
10 41
8 87
4 30
3 53
1 95
1 5
5 91
10 33
4 56
2 35
3 92
3 34
4 0
6 19
1 96
5 76
2 78
10 20
7 70
4 41
4 0
6 35
2 17
8 77
1 78
1 19
7 77
6 63
8 24
7 49
7 43
6 6
6 81
10 57
2 8
1 23
6 20
3 5
2 1
8 76
10 74
8 60
2 68
1 54
6 45
10 8
5 95
10 19
4 64
7 68
1 83
3 11
1 55
10 22
2 83
7 56
2 1
5 35
2 92
1 3
5 62
9 100
10 47
7 22
1 68
3 92
5 60
9 2
1 80
5 28
7 18
6 46
8 48
7 12
1 49
7 42
2 15
6 87
8 33
10 32
1 39
3 92
4 81
2 29
8 64
1 76
7 18
8 83
8 15
6 18
4 5
8 4
5 15
7 30
9 53
7 58
7 69
7 45
7 0
3 17
9 1
10 73
2 13
5 90
9 9
8 98
7 9
4 10
10 53
4 80
4 100
2 95
2 81
5 2
2 2
7 80
1 34
3 76
4 86
4 39
5 93
1 50
5 79
1 27
1 35
1 68
7 36
7 20
6 6
2 59
3 56
3 32
7 80
2 52
8 71
4 61
2 53
10 65
8 69
8 39
2 32
1 79
6 20
5 52
2 27
1 45
10 39
9 85
7 50
1 45
3 44
3 61
5 95
8 58
10 31
8 50
2 28
9 58
3 9
1 94
1 11
3 33
10 82
8 6
2 60
5 46
4 38
7 20
2 74
4 90
6 39
7 28
3 0
1 9
6 61
6 2
1 78
9 76
7 95
9 27
6 92
1 33
3 77
9 50
6 63
3 29
5 65
4 27
1 39
2 59
4 40
7 89
2 14
3 87
1 27
3 84
1 80
4 18
2 92
9 42
4 87
8 62
3 91
1 89
7 44
4 4
2 21
5 23
8 98
9 6
9 24
3 11
1 4
8 53
5 45
1 2
3 6
7 33
2 61
3 33
9 46
9 25
8 55
3 13
1 64
2 14
2 44
1 78
5 26
7 26
10 55
10 2
10 78
9 87
5 8
9 46
8 22
4 89
10 98
9 18
3 6
6 62
9 74
1 58
5 99
4 7
8 33
4 17
8 16
2 67
7 14
3 31
1 91
1 61
9 5
9 1
1 76
9 23
6 34
9 28
2 97
2 79
7 98
6 48
7 37
6 60
4 24
1 72
10 3
6 82
1 100
6 90
8 25
3 75
8 20
1 81
5 27
1 4
9 50
8 3
1 33
3 61
6 10
2 10
6 98
1 28
7 99
3 24
1 60
1 27
3 66
9 2
9 29
2 6
1 5
1 31
4 53
9 41
1 39
9 18
4 72
2 78
4 49
2 88
5 70
1 46
6 39
4 0
8 25
3 1
9 33
4 50
8 85
7 45
8 44
1 1
10 99
6 87
9 55
9 68
8 93
1 7
8 8
5 16
6 39
5 75
2 68
6 11
9 66
4 49
4 39
10 89
2 25
10 59
2 3
9 2
6 36
4 60
7 86
8 28
1 53
5 13
2 53
1 78
3 70
5 10
7 53
6 100
7 0
5 80
3 89
8 81
5 37
5 6
7 77
4 2
3 6
10 27
7 51
2 20
7 52
3 83
1 36
6 51
3 33
5 44
8 65
1 49
3 16
8 57
6 98
5 67
4 63
7 9
3 59
10 62
7 40
5 51
8 47
5 53
4 23
2 18
3 63
4 84
6 86
6 4
6 48
6 41
3 59
4 35
10 9
7 97
5 41
6 36
3 82
7 41
5 28
2 31
9 75
7 77
10 9
1 11
7 91
1 24
4 47
6 16
8 22
5 44
5 76
8 33
2 98
9 86
5 81
4 4
1 25
2 35
5 19
8 77
6 17
2 81
5 55
7 67
9 63
3 89
8 44
10 52
4 20
1 31
2 84
8 83
10 90
2 38
2 77
7 88
7 35
4 48
2 97
5 81
9 15
7 91
4 20
2 87
8 72
6 76
2 91
5 86
4 77
2 92
8 92
8 29
1 24
6 52
7 42
5 96
2 23
10 100
7 89
6 87
9 15
6 9
7 43
5 76
7 67
6 100
4 92
6 9
7 38
5 16
10 77
8 51
7 36
7 82
10 45
2 2
5 23
2 14
7 59
10 51
10 38
5 31
6 91
8 42
6 17
10 29
1 15
6 80
4 86
9 95
6 27
2 70
3 62
9 7
3 17
7 21
1 55
10 59
8 36
8 66
4 48
6 57
8 35
3 40
4 69
7 43
7 92
7 20
6 79
9 87
9 3
2 1
9 40
4 65
4 24
5 10
9 95
3 71
3 58
9 32
10 59
1 14
5 38
10 33
3 92
3 47
5 84
3 96
2 23
9 27
6 49
6 71
1 52
2 52
4 60
6 70
4 81
8 75
7 43
4 12
4 1
1 94
9 100
7 26
10 57
5 84
2 4
1 94
8 18
3 97
1 54
7 62
6 57
4 65
7 22
2 3
3 84
4 90
4 8
1 79
7 99
2 80
5 63
8 9
10 73
7 91
9 60
10 79
3 95
4 0
8 100
3 51
9 64
6 40
4 28
2 73
9 15
5 79
4 79
2 82
7 74
1 54
7 55
4 81
7 3
2 56
7 87
9 81
8 36
3 15
8 7
5 64
8 23
1 22
10 35
1 53
5 22
2 67
3 75
9 75
7 92
4 58
7 78
1 25
5 81
9 32
2 5
3 2
4 43
8 85
3 17
1 80
8 84
6 42
10 71
5 50
4 97
4 26
3 70
1 64
9 74
2 91
9 18
2 58
1 6
5 38
8 9
5 72
7 89
1 87
5 40
9 23
7 55
3 17
3 67
4 46
5 42
8 98
8 98
10 73
3 37
4 56
2 55
4 41
6 9
10 23
10 24
4 27
5 74
2 46
5 23
9 12
3 91
9 94
6 5
7 43
6 33
10 34
1 94
3 14
4 39
7 59
5 31
8 70
6 44
2 97
2 86
2 43
7 64
3 76
5 93
5 2
9 80
6 80
1 81
8 15
1 85
5 47
4 29
8 79
7 75
7 44
5 96
6 39
6 43
9 15
3 58
3 70
2 98
6 63
1 30
7 37
6 88
9 56
5 27
6 6
4 20
5 70
2 80
8 12
5 94
2 27
9 54
7 53
8 20
6 20
9 95
10 2
7 85
1 27
3 2
9 74
2 66
6 38
7 81
5 81
4 7
1 61
4 51
1 44
9 59
10 44
7 87
7 34
3 74
5 89
8 50
4 62
9 5
3 66
7 54
1 24
1 69
4 22
10 26
7 46
3 73
5 67
2 18
8 75
10 52
3 80
8 99
9 83
3 86
4 33
6 16
9 8
1 23
6 99
2 41
6 16
10 1
1 81
6 45
3 92
5 1
2 49
4 84
10 46
8 45
2 38
9 44
7 95
6 38
9 61
7 32
7 8
3 78
10 6
4 27
6 13
1 77
10 93
10 64
8 18
3 10
10 91
6 65
10 98
1 3
7 93
3 87
8 95
8 64
10 41
9 49
6 22
5 98
9 6
5 34
10 17
5 4
9 12
6 2
1 35
6 75
8 44
10 67
4 0
2 50
1 45
2 54
2 29
8 81
4 36
6 6
2 88
10 70
4 44
1 83
6 27
9 85
5 82
8 90
10 34
4 34
3 25
2 59
5 66
7 81
9 11
8 56
8 8
4 49
8 19
1 89
3 33
6 68
1 68
7 17
5 50
8 21
7 100
7 35
4 25
10 23
6 8
2 94
8 48
4 95
1 11
6 4
5 84
7 43
3 83
1 54
7 95
7 2
6 7
1 49
5 71
1 10
3 70
1 89
6 60
10 100
9 93
10 70
1 96
2 62
2 96
8 50
7 67
2 22
1 30
5 75
9 86
2 40
8 2
10 71
3 73
4 92
7 23
3 14
5 32
4 88
4 20
10 82
5 8
7 95
1 14
7 59
4 40
3 24
5 85
8 61
2 45
10 60
4 63
3 98
4 63
5 3
10 54
3 84
8 63
10 17
10 35
2 90
9 49
9 54
3 50
6 94
1 2
10 88
7 53
7 45
7 23
1 36
9 93
10 87
8 6
5 56
10 15
2 24
2 25
10 56
10 46
3 14
4 30
10 93
3 81
4 4
3 90
1 1
6 43
2 34
6 30
4 7
8 97
9 71
10 36
2 36
7 31
10 2
4 5
7 61
9 85
6 52
6 67
5 60
6 78
10 6
6 92
7 74
3 72
3 49
10 62
3 2
10 19
10 92
4 75
6 25
4 51
7 53
9 90
10 32
9 94
4 9
6 97
3 7
6 51
7 47
4 34
1 67
7 88
6 77
9 97
1 25
6 15
4 25
10 69
4 85
10 57
1 11
2 50
4 5
2 43
8 100
1 89
1 85
9 75
1 25
9 1
7 49
5 37
8 26
5 1
7 15
9 80
1 3
1 54
6 50
8 94
6 31
8 49
9 24
1 41
3 5
9 63
2 81
1 10
8 32
4 30
4 36
6 12
7 65
3 73
9 70
10 62
7 32
6 87
5 66
9 8
7 86
7 31
7 49
5 93
1 77
4 70
4 96
1 8
6 58
10 96
2 30
9 28
2 90
10 75
4 98
7 37
10 88
4 44
7 9
10 94
5 95
6 15
6 37
4 88
9 22
2 47
4 63
8 69
7 82
6 81
5 52
9 51
10 12
7 14
1 39
3 63
9 52
7 6
7 47
9 18
2 38
7 60
8 1
4 94
4 77
7 43
9 75
6 89
3 95
1 59
4 25
6 38
8 56
10 99
7 1
5 51
10 60
5 77
9 40
1 19
7 73
8 47
2 34
6 98
9 96
6 2
9 16
1 53
2 25
4 33
4 22
3 86
9 54
10 47
7 50
7 25
2 70
5 47
9 7
5 60
3 38
4 95
6 75
2 35
6 46
1 24
4 24
10 67
7 68
4 28
9 86
1 88
1 72
9 55
5 99
2 56
8 55
5 26
4 7
8 15
4 61
8 4
9 31
4 17
5 98
2 10
9 46
1 53
5 58
8 85
5 93
6 67
3 28
10 46
2 46
1 75
3 53
4 100
8 91
2 2
5 28
6 80
4 98
3 11
2 89
1 91
10 28
3 11
2 21
2 49
6 75
4 96
9 89
9 92
2 100
9 62
7 85
8 96
1 14
3 32
8 21
6 51
9 59
8 52
1 55
4 97
3 82
5 48
9 65
10 3
5 68
1 13
7 28
5 3
9 31
7 24
5 73
2 32
9 75
3 100
7 75
9 85
7 95
2 11
6 27
10 7
5 83
1 71
6 71
9 7
7 0
8 96
1 28
3 36
7 24
1 21
10 54
9 35
6 4
4 72
3 41
2 34
10 44
5 8
4 61
5 26
6 56
8 12
4 81
9 28
1 46
8 64
6 89
10 34
2 44
5 33
4 12
1 34
5 5
6 68
9 66
7 24
9 14
10 71
2 90
7 71
10 85
7 38
2 44
9 95
10 54
10 37
4 59
10 10
7 17
9 12
7 67
2 95
9 18
9 13
4 13
3 34
3 97
3 48
6 100
4 14
8 11
8 54
9 47
3 33
3 28
10 65
6 92
1 70
6 52
3 96
5 17
10 16
6 22
9 36
2 28
9 35
1 36
1 24
8 2
9 17
2 69
10 15
4 87
2 11
8 92
2 37
10 26
3 75
3 43
7 23
8 28
1 93
2 65
8 27
6 78
3 64
5 33
8 11
8 34
3 15
6 38
3 99
6 44
5 32
2 88
9 75
6 0
5 36
5 26
4 27
3 21
7 17
7 26
9 16
9 52
7 86
7 98
4 54
7 99
1 36
7 9
7 72
3 44
5 27
5 72
3 43
8 40
5 67
5 46
8 1
5 79
4 12
2 21
7 31
4 79
4 53
6 26
9 49
4 78
6 80
2 60
7 84
7 60
5 96
9 92
9 51
3 63
1 64
4 20
5 83
1 81
2 11
8 85
9 25
4 66
7 91
8 83
6 80
10 21
2 51
3 7
2 59
6 96
6 48
8 88
6 47
6 2
4 42
2 39
8 67
8 62
2 3
4 86
3 66
3 9
10 32
7 56
9 26
5 26
7 19
10 55
3 96
1 42
1 35
2 19
3 36
1 92
6 0
5 96
2 41
4 51
9 3
1 96
9 16
3 83
8 23
5 19
10 51
4 64
1 93
5 20
6 80
2 29
5 30
10 56
8 66
2 8
3 93
1 68
6 7
6 66
9 36
2 67
2 19
6 22
4 32
2 44
8 48
8 12
7 8
5 97
3 2
8 46
5 20
9 81
6 95
6 33
1 42
5 76
2 37
1 5
6 45
7 52
8 46
9 70
6 40
6 87
1 27
5 83
8 82
8 13
9 88
2 99
3 71
5 65
9 66
3 64
10 32
7 20
5 61
7 30
3 64
9 25
7 15
9 63
8 60
8 50
9 42
6 65
7 20
3 22
10 43
7 96
5 38
8 9
8 89
3 6
3 96
3 24
9 5
3 33
9 6
6 3
10 9
10 78
6 49
4 85
10 44
5 55
10 30
2 37
6 80
9 28
3 84
3 76
2 82
8 21
7 84
8 74
1 7
10 16
8 89
9 27
5 36
2 88
5 1
4 60
6 82
8 9
7 5
2 53
5 58
3 6
7 95
5 55
6 79
5 47
1 5
2 1
3 89
2 93
9 44
2 87
1 71
5 95
3 88
1 12
3 53
1 15
2 79
8 15
2 0
4 41
2 28
5 44
3 34
4 10
9 41
8 56
9 8
6 52
6 28
6 20
10 2
7 86
10 55
5 85
8 18
6 88
4 62
1 51
10 12
3 1
8 60
5 27
6 47
3 45
1 98
4 70
2 66
6 86
4 50
7 0
10 84
9 22
3 56
1 88
4 77
1 40
1 16
1 39
8 51
2 87
2 86
10 42
8 46
9 48
10 83
8 85
8 39
1 0
4 61
3 47
10 1
7 14
3 43
4 82
6 92
6 20
2 30
2 76
2 78
2 81
8 60
7 41
1 39
2 63
7 24
3 51
3 94
3 46
6 67
9 19
7 71
1 48
6 97
8 22
9 95
6 99
8 92
5 86
1 2
4 39
9 70
5 70
2 11
9 17
9 90
6 47
3 39
1 49
3 33
1 73
6 20
2 9
8 68
4 15
6 29
10 98
1 24
6 24
7 80
8 27
7 91
7 82
6 65
4 85
2 73
4 6
10 78
7 30
6 18
1 63
1 100
9 30
6 84
8 0
2 18
2 62
7 56
8 8
2 1
8 88
8 80
8 34
2 59
5 78
1 88
7 0
8 84
1 32
2 21
10 52
10 65
9 19
10 31
5 50
4 47
3 35
2 89
9 67
1 18
7 51
6 47
3 95
10 78
2 76
8 40
10 46
10 62
1 29
1 33
10 43
4 86
1 36
7 34
9 70
10 80
3 82
1 75
9 13
4 41
2 36
10 67
2 72
4 21
1 42
4 20
10 95
4 42
2 41
2 46
3 95
4 59
10 41
6 42
3 15
1 68
4 59
8 12
6 71
1 19
9 24
7 22
4 32
10 97
2 28
4 52
10 28
2 9
10 75
8 44
10 47
10 87
8 4
6 84
10 61
4 47
6 5
2 11
4 76
8 78
4 37
9 88
8 3
9 95
4 66
10 58
6 13
6 18
9 84
5 74
7 52
6 4
5 60
1 89
10 65
1 18
1 13
7 60
2 12
7 38
3 88
9 68
3 23
5 72
10 55
1 13
4 78
9 11
6 69
5 73
8 71
2 66
5 36
2 70
5 35
9 69
3 85
5 66
3 64
9 69
10 76
6 36
1 12
8 38
2 22
7 71
10 42
8 9
2 42
4 81
4 99
6 66
4 71
7 62
10 48
9 26
5 51
2 7
3 57
4 58
8 75
9 78
4 49
10 68
6 6
1 75
5 78
10 20
4 91
9 23
10 82
7 31
8 87
4 3
7 23
9 60
5 78
1 61
4 17
2 77
1 57
4 54
4 49
10 48
2 12
9 76
1 49
7 50
1 5
2 50
3 74
5 18
7 98
7 91
2 5
2 0
7 70
1 81
1 5
5 67
5 31
4 23
7 23
2 14
1 60
1 39
4 13
10 53
1 55
10 90
8 38
6 16
1 91
1 97
8 53
4 34
6 90
5 80
5 89
9 42
7 41
6 37
7 95
4 40
9 56
3 59
10 58
5 11
6 39
4 1
5 19
4 15
10 44
4 90
4 10
9 82
1 74
3 76
4 100
6 97
1 36
5 70
2 44
7 65
9 93
8 67
1 54
3 4
9 26
4 8
4 24
2 16
4 70
4 48
2 100
1 94
10 31
1 51
9 57
6 18
5 9
8 31
8 90
5 7
3 18
6 47
8 76
9 58
3 97
10 17
5 96
7 37
3 74
3 99
8 97
9 82
9 99
8 22
10 99
2 64
8 49
6 81
2 26
3 31
9 5
2 95
6 74
3 49
9 95
8 16
5 4
9 43
8 74
3 72
7 72
7 33
6 79
5 92
3 91
7 55
5 26
3 29
10 4
5 59
9 53
5 26
9 9
2 67
8 93
3 35
3 0
8 31
4 92
3 99
8 28
4 61
1 37
4 83
10 62
10 79
2 71
2 79
9 50
8 55
7 26
9 47
1 84
5 53
8 3
9 88
2 80
5 27
7 4
3 95
7 76
4 25
2 69
2 84
6 72
5 30
7 56
9 86
8 28
10 77
10 79
1 0
7 36
9 68
9 94
3 65
5 37
2 66
2 90
10 23
4 35
10 74
8 13
3 92
9 20
9 31
10 93
4 40
8 43
3 73
8 88
8 58
5 40
2 0
1 69
5 56
9 9
4 15
4 42
5 69
1 16
8 59
8 6
8 5
10 87
1 12
8 66
4 15
2 51
7 1
3 2
9 64
8 24
5 18
3 34
8 45
10 53
7 37
8 93
7 11
1 51
9 75
10 21
1 21
1 42
8 0
8 5
8 91
8 55
2 31
2 7
1 10
10 23
6 11
7 34
5 38
9 90
9 60
3 80
10 2
3 87
6 71
5 1
7 35
4 70
5 3
1 0
2 18
2 58
1 90
4 45
3 97
7 70
1 75
8 43
5 83
1 73
1 78
2 41
9 16
6 99
8 28
5 12
6 47
10 48
2 74
10 39
1 38
5 17
3 41
4 41
1 32
10 51
8 60
6 41
4 83
8 52
9 83
5 35
1 60
7 61
9 93
10 72
7 64
6 2
4 90
6 70
9 40
1 7
4 88
2 34
3 28
3 27
5 17
4 10
4 51
4 10
2 31
7 8
6 37
6 22
1 89
4 85
2 55
5 71
9 52
3 6
1 81
6 47
1 2
7 28
9 22
3 62
10 50
2 46
4 2
3 82
9 37
5 24
8 58
10 54
1 40
4 11
10 50
2 38
6 58
1 35
3 48
4 80
2 51
6 16
5 91
1 35
5 65
2 56
8 55
9 77
6 38
5 34
6 59
6 100
10 74
5 48
1 32
4 30
2 56
2 44
10 89
2 61
7 25
1 93
8 99
10 40
6 69
8 62
6 32
6 31
3 24
5 72
10 97
3 48
9 92
7 48
5 92
1 64
3 19
7 19
10 42
1 14
4 1
7 45
9 11
8 57
5 85
1 34
10 87
7 44
7 0
3 11
5 77
1 9
5 66
2 84
9 57
3 47
9 28
8 80
4 4
10 54
5 86
9 82
9 87
2 41
3 73
3 18
4 53
9 60
2 60
5 80
2 99
4 87
5 61
3 57
9 19
7 100
8 33
2 73
10 65
10 73
1 50
3 63
8 32
6 80
2 10
9 37
5 70
8 1
6 34
4 41
10 69
2 91
3 8
7 7
6 25
3 53
8 19
10 64
9 86
9 58
1 72
5 62
8 34
10 58
6 70
10 62
8 96
1 61
10 9
9 22
8 86
3 32
10 58
3 30
8 35
4 40
10 95
5 3
8 55
2 91
5 11
10 35
1 74
9 71
10 60
3 76
1 88
1 34
8 25
6 69
6 73
10 10
7 56
5 63
10 42
1 63
6 23
2 12
3 36
8 98
2 8
8 100
2 36
9 39
3 83
3 19
6 67
2 72
3 70
4 17
4 98
8 27
4 53
2 2
4 23
2 41
1 99
2 16
2 39
9 6
10 20
10 85
5 45
10 30
5 16
4 61
4 79
10 85
7 46
9 85
7 41
8 78
1 85
9 18
6 100
10 66
7 32
2 37
2 82
2 67
9 56
9 99
3 38
6 0
9 22
2 25
6 82
6 19
5 25
5 34
10 77
1 30
4 94
4 46
4 34
3 97
1 69
10 58
8 20
9 44
8 81
1 15
9 29
6 67
9 18
10 41
5 92
10 78
1 59
6 20
5 11
9 48
10 28
2 4
1 64
6 44
6 73
8 36
7 16
7 19
1 29
7 99
3 82
8 6
3 6
4 96
7 43
2 8
7 77
10 36
10 67
5 14
2 48
6 61
9 21
7 99
3 12
2 56
9 4
6 39
6 48
10 100
3 85
1 2
3 88
5 89
2 92
4 31
8 19
1 63
9 28
1 90
4 0
2 43
4 42
5 24
7 53
5 18
6 5
6 38
8 36
10 39
7 23
5 15
7 37
7 43
9 38
4 76
10 59
10 48
2 18
1 11
6 78
6 78
4 32
2 94
7 30
10 28
5 17
3 18
3 61
5 99
10 37
4 98
4 75
7 92
3 58
3 89
5 5
9 18
1 36
10 57
3 70
1 63
10 12
7 72
1 31
3 25
5 59
3 3
9 67
6 99
7 68
5 43
7 62
8 36
3 84
8 14
4 27
3 59
2 15
4 84
9 14
4 41
6 48
1 90
6 45
9 72
10 61
3 77
8 16
4 47
6 89
4 64
5 16
6 47
6 19
8 81
2 13
2 26
2 54
8 100
1 59
4 81
5 9
9 93
7 10
3 15
10 69
3 79
10 80
9 77
10 25
5 0
8 40
2 29
9 58
2 69
7 51
9 72
6 63
6 4
3 4
1 64
5 70
4 28
8 81
1 23
8 30
3 89
6 41
6 29
4 39
3 19
7 17
8 25
2 0
1 1
4 30
2 9
1 59
7 88
9 1
8 20
1 40
2 38
8 29
6 42
1 79
9 17
7 37
2 96
3 48
2 43
8 11
8 72
10 83
2 8
9 41
2 8
1 26
10 17
3 0
5 33
7 42
3 86
1 24
5 69
4 31
9 0
1 41
4 65
4 33
2 72
1 60
3 95
2 66
8 94
3 76
3 55
2 67
1 38
1 71
3 8
7 16
4 10
8 74
3 96
6 68
1 23
7 69
7 19
1 77
3 75
8 75
4 41
5 27
1 1
6 61
5 57
5 94
1 45
4 19
4 100
6 100
2 95
7 2
7 18
7 31
7 97
3 78
2 81
2 43
5 60
2 13
3 56
2 60
2 16
2 14
3 82
10 6
6 57
2 90
10 82
6 32
7 56
7 50
4 76
3 5
6 52
6 57
4 6
7 23
6 0
5 60
4 27
5 79
10 7
1 5
9 72
6 38
5 11
6 57
3 37
4 32
5 79
9 65
3 22
10 51
9 88
3 55
10 40
8 44
10 78
10 39
8 30
4 68
4 67
9 16
2 25
7 46
8 82
8 3
1 90
2 96
2 37
7 20
5 55
5 100
5 64
7 60
5 19
10 23
8 35
6 67
3 32
4 1
6 62
2 86
9 57
8 15
7 14
9 60
8 68
4 36
9 68
3 44
6 65
2 65
2 44
1 72
2 59
9 76
1 32
2 40
3 52
6 62
9 37
9 59
6 67
5 84
3 7
6 58
6 84
10 81
1 57
10 8
3 47
4 24
4 50
6 50
1 83
2 54
5 26
10 13
9 80
4 93
1 46
2 7
8 34
6 70
7 68
2 30
1 73
1 14
7 47
8 12
8 90
3 34
6 89
4 31
7 23
10 75
10 100
2 90
4 24
7 32
9 94
8 40
3 32
9 82
10 55
10 0
5 8
9 96
2 8
4 20
2 58
3 15
1 61
7 23
10 73
5 75
4 14
5 47
6 48
10 84
10 57
7 5
1 61
8 97
3 66
1 73
2 83
3 17
6 84
8 87
2 41
6 92
10 5
10 87
6 39
5 31
4 80
4 71
7 41
4 63
7 11
7 17
2 85
4 92
3 90
1 0
8 40
7 64
5 3
9 63
3 57
6 7
6 65
1 48
4 72
5 11
10 73
8 42
3 40
7 13
5 47
8 58
10 43
10 94
1 68
8 69
3 56
8 92
8 91
9 72
2 12
5 36
9 56
6 67
3 27
10 86
3 57
5 93
1 51
3 29
2 12
5 19
2 61
8 88
1 85
2 49
1 3
1 12
4 66
5 78
7 22
1 62
9 73
5 1
8 77
2 83
1 62
8 35
3 24
10 88
7 48
7 13
3 100
6 100
10 97
8 59
8 90
10 71
7 72
5 68
7 38
5 49
3 8
2 55
1 82
8 15
9 31
2 3
8 94
9 47
4 21
1 46
3 17
5 66
2 14
2 55
5 2
4 18
3 97
7 79
2 52
3 49
7 10
1 36
4 79
9 29
1 54
8 1
8 92
7 83
8 77
2 80
1 57
7 82
2 61
6 42
6 44
6 61
3 37
8 0
6 64
3 69
6 88
8 67
2 33
2 44
6 41
6 16
9 5
2 54
8 90
6 92
2 70
5 93
7 32
6 12
8 5
9 23
6 73
7 12
1 48
6 93
1 41
10 22
1 10
4 66
7 43
10 64
9 11
3 21
6 48
5 83
7 20
7 49
1 88
6 47
6 45
9 19
8 14
8 4
2 96
10 87
2 99
5 32
1 67
3 73
7 1
9 81
6 17
1 25
1 6
4 32
10 73
9 25
3 98
6 13
4 17
9 51
3 61
4 64
4 72
8 6
1 88
4 51
5 12
9 20
3 93
2 49
6 18
9 47
10 67
9 74
4 9
5 4
8 64
4 29
6 38
8 29
10 57
6 68
2 73
6 6
10 52
1 10
3 20
5 94
10 96
8 99
5 69
6 65
6 67
3 21
10 91
9 0
2 43
9 0
4 29
2 68
8 40
1 53
2 37
1 45
5 53
9 14
9 68
2 8
2 49
1 91
3 46
8 38
5 49
6 43
8 80
7 36
5 80
3 87
10 76
5 69
1 81
10 71
10 12
4 99
7 99
9 13
10 47
10 66
1 44
9 27
5 11
1 44
1 23
7 75
3 15
2 73
10 60
1 3
8 91
4 70
6 91
3 92
10 85
10 38
3 51
10 20
1 73
6 17
7 70
1 13
10 25
5 25
6 25
9 54
8 84
10 69
3 59
7 62
6 37
1 96
10 95
6 91
1 98
2 52
1 54
4 71
9 15
9 43
8 85
5 48
5 10
8 26
9 16
8 72
10 36
6 97
3 80
6 58
2 93
7 50
9 19
8 6
2 59
5 12
10 87
5 11
2 82
4 88
10 10
2 71
10 55
3 39
8 18
9 6
7 1
4 35
5 8
5 7
2 2
6 29
3 89
1 59
8 32
9 85
8 55
3 85
10 46
10 30
7 52
10 83
3 94
6 55
1 18
8 100
8 16
2 9
7 57
5 42
4 71
3 45
6 36
4 33
7 43
8 45
1 57
2 70
7 56
2 71
5 77
9 59
8 6
2 86
7 85
8 34
10 26
5 8
9 82
9 70
8 26
10 71
1 18
6 55
8 49
8 35
4 43
1 83
3 30
2 0
4 72
3 50
10 78
9 70
10 94
8 71
6 19
7 86
1 46
5 45
6 38
3 62
4 29
2 30
7 23
4 10
5 35
3 9
4 80
5 64
10 71
5 68
7 53
2 64
8 74
7 11
8 28
9 84
7 69
3 83
1 11
1 19
2 70
6 27
7 92
4 50
7 5
5 70
1 10
7 5
4 53
2 63
9 5
2 49
1 88
6 72
2 16
3 38
8 12
6 6
4 13
5 69
3 19
10 18
9 41
10 96
7 92
1 31
5 42
5 46
8 46
9 65
1 44
7 77
10 3
2 94
7 57
3 54
6 15
2 6
7 31
8 27
6 90
4 30
2 8
8 76
10 28
1 20
8 50
1 68
10 96
4 62
9 40
1 93
9 26
8 83
6 57
6 46
4 85
2 89
4 26
9 98
4 54
1 91
2 22
8 40
5 7
1 94
10 70
4 46
2 28
7 15
5 69
4 21
3 24
9 17
5 9
5 69
7 44
8 24
7 96
7 34
4 6
6 78
1 78
2 74
1 27
2 99
6 3
8 83
4 94
1 73
4 93
10 34
8 88
4 95
4 30
7 93
9 23
3 31
4 45
8 13
10 14
7 72
5 24
7 95
4 99
7 24
6 40
2 87
5 54
10 91
1 69
6 14
9 54
9 56
7 27
2 53
2 39
10 73
4 2
2 23
3 64
6 78
2 29
8 53
3 69
4 64
1 16
1 63
8 49
7 72
3 52
6 4
10 41
8 20
2 68
8 91
6 30
1 39
1 77
7 39
10 93
2 51
2 80
6 100
4 79
1 11
9 66
5 18
4 36
5 100
1 11
3 35
2 52
4 45
7 41
5 71
8 45
8 15
10 85
5 25
3 55
8 33
6 25
3 41
2 49
7 0
5 81
8 49
8 28
2 95
9 77
6 51
6 2
5 37
3 67
3 57
10 45
1 41
9 16
2 10
9 16
5 71
10 64
8 11
3 74
10 100
4 7
4 85
6 13
8 97
8 83
9 24
10 7
3 22
10 88
9 44
8 86
2 31
7 42
8 51
6 68
10 46
6 48
4 95
1 48
3 17
4 61
8 81
7 81
10 71
3 80
10 55
8 98
10 33
8 6
3 85
4 6
1 73
9 4
2 94
9 10
8 73
7 14
4 31
8 80
9 91
2 32
3 44
2 46
7 98
6 93
6 13
1 44
5 38
5 63
8 70
3 49
9 65
10 49
6 84
10 64
7 96
8 2
4 72
2 35
2 67
2 77
4 23
1 18
1 96
1 96
6 91
3 6
3 49
4 35
6 38
1 18
9 90
7 53
4 64
3 96
7 93
2 96
9 81
1 13
6 58
3 70
8 93
5 71
6 1
10 64
6 80
1 22
2 22
4 99
3 49
9 53
9 27
6 76
9 31
5 44
4 70
5 9
1 67
4 54
1 69
3 80
1 85
8 61
10 17
6 30
10 90
3 9
9 92
3 12
8 70
1 24
8 49
7 36
7 52
3 34
2 79
8 17
8 30
10 2
7 35
4 64
4 74
10 69
7 23
1 63
4 55
5 75
1 8
2 37
7 65
7 18
4 34
3 38
2 65
2 36
9 43
4 78
3 18
6 58
3 53
6 96
10 58
6 38
4 63
8 56
5 89
9 25
2 63
3 27
3 45
2 91
5 79
7 67
10 44
10 44
7 54
8 82
7 78
2 32
9 25
4 90
8 3
5 46
6 50
8 25
1 69
4 56
3 61
9 19
6 88
8 26
1 100
4 3
5 69
2 20
10 64
3 44
8 22
4 34
5 29
3 72
7 29
10 6
4 44
9 69
8 24
8 67
5 36
5 5
3 59
5 65
2 52
8 38
1 92
6 55
9 44
1 99
10 100
1 0
8 27
10 26
3 55
6 65
9 54
6 62
2 0
2 87
8 80
7 75
5 92
2 90
5 57
10 18
1 85
1 86
9 31
3 90
8 60
6 74
3 10
8 81
8 74
10 7
10 20
3 75
5 86
1 66
1 41
8 74
3 34
8 36
4 1
5 87
6 42
9 61
7 72
8 69
4 96
7 15
2 88
2 45
7 32
3 26
9 26
4 98
3 90
9 17
8 52
1 17
7 13
7 91
1 40
1 12
10 47
4 62
1 29
6 83
4 33
3 15
2 29
1 81
4 69
2 20
9 58
3 56
1 44
4 68
7 35
3 89
7 80
5 6
6 47
7 16
9 27
3 19
4 89
3 23
10 13
2 62
4 71
2 54
1 47
5 38
9 59
6 53
10 67
8 67
6 36
5 67
4 68
6 71
4 3
4 62
3 37
2 45
4 71
1 49
5 63
2 98
5 81
9 70
2 28
2 50
6 87
1 94
1 45
5 21
7 19
3 84
9 16
2 43
9 70
10 3
7 17
9 33
3 88
2 54
7 18
9 4
10 60
3 86
5 75
3 58
7 56
9 68
6 50
5 41
4 25
8 79
9 7
7 56
5 91
7 13
4 88
8 4
1 77
6 20
8 70
4 44
6 80
10 93
5 66
7 98
8 34
6 92
1 60
6 95
6 61
6 43
1 35
5 74
2 17
3 62
1 0
10 50
2 82
8 52
10 89
6 14
5 14
9 50
6 39
8 81
5 2
4 65
4 11
5 22
2 40
8 33
2 41
6 8
4 8
9 95
5 7
8 71
8 83
6 34
4 16
9 43
6 60
6 37
2 99
2 48
4 26
3 5
5 55
10 25
2 14
1 44
2 58
9 15
3 35
5 84
3 46
6 5
7 27
1 98
8 34
5 75
8 13
6 90
8 100
4 86
4 66
3 80
3 97
7 68
3 6
5 50
9 99
4 81
9 80
9 55
1 16
3 69
8 45
9 68
4 15
3 38
8 89
5 29
8 79
5 22
5 4
6 41
7 16
8 22
5 32
3 35
8 43
2 3
5 12
6 53
7 66
9 3
1 61
6 96
3 26
1 47
1 26
7 81
5 14
3 36
6 47
7 9
2 29
7 52
3 61
10 17
10 45
8 91
6 54
6 16
1 62
5 21
3 14
6 51
1 95
5 37
7 67
5 95
3 99
6 99
6 30
8 64
4 17
7 29
3 2
2 24
6 16
6 71
7 12
5 39
9 0
8 19
5 5
5 54
4 0
3 32
7 22
4 88
1 83
3 38
9 38
4 47
8 37
3 100
6 94
6 33
5 35
10 5
5 21
2 8
4 9
8 65
4 67
10 68
4 59
6 54
3 51
1 11
1 58
5 27
6 41
2 99
1 55
9 57
5 57
9 19
9 37
5 1
4 25
2 55
2 90
3 69
5 59
9 45
2 34
4 7
5 24
1 95
10 66
6 36
2 82
8 33
10 3
1 47
2 99
7 99
10 91
8 80
3 23
2 76
9 83
10 29
10 92
9 11
1 83
5 73
5 98
10 9
10 17
7 88
3 91
7 93
3 23
8 29
9 47
4 28
7 29
8 4
3 97
7 40
4 97
8 82
9 6
9 92
7 26
10 38
9 97
5 45
9 71
8 49
9 64
7 69
3 74
3 100
10 30
6 64
2 32
1 72
8 23
3 98
1 15
2 51
9 36
3 51
10 92
5 86
3 47
6 35
9 36
5 24
10 55
4 47
2 46
9 44
3 40
10 58
6 10
6 72
2 16
9 39
9 35
2 98
5 75
3 87
1 1
9 14
5 62
6 0
8 42
8 100
8 67
6 38
9 1
6 75
10 98
3 12
2 86
8 54
7 63
3 94
5 78
7 54
6 40
2 26
2 99
2 94
6 56
5 59
6 74
9 60
3 12
2 68
5 30
6 38
3 41
7 33
1 66
6 83
10 92
5 57
2 11
9 65
5 29
4 13
7 95
6 7
6 41
5 30
5 7
5 0
2 1
2 100
7 17
9 100
1 84
5 14
8 13
9 37
2 25
3 20
5 74
2 53
5 65
1 35
9 68
3 83
1 97
10 57
4 0
1 75
3 55
5 76
8 9
3 10
7 58
8 29
3 32
3 1
7 34
4 94
8 65
5 47
4 90
5 26
3 11
1 13
8 17
10 6
5 6
1 60
2 68
4 51
6 37
5 56
8 22
10 85
7 97
9 98
6 75
4 12
7 37
2 16
5 75
4 23
5 97
9 80
3 45
1 18
1 66
6 72
6 77
10 75
10 21
9 82
8 7
8 56
10 76
6 88
4 20
8 44
6 5
1 49
7 25
9 72
9 89
2 83
9 67
8 79
2 66
6 23
1 68
8 46
6 28
1 5
6 49
6 80
7 46
4 36
5 31
2 17
7 8
8 61
8 55
7 87
6 44
7 39
2 90
9 49
6 51
8 59
9 53
4 91
3 13
8 56
5 75
2 89
10 13
10 85
8 16
4 21
2 58
9 73
10 73
7 7
1 41
1 88
9 91
9 16
8 81
9 29
7 55
2 71
8 88
8 26
2 74
2 57
4 28
7 95
4 62
9 5
6 39
9 7
3 70
4 67
5 5
1 76
2 28
5 49
7 58
4 43
7 43
8 23
9 82
9 18
5 66
3 97
1 25
9 71
7 54
4 79
3 76
2 73
2 21
9 39
10 93
1 72
8 96
9 93
5 32
3 41
9 59
8 14
4 46
7 6
1 91
9 64
6 59
3 44
6 94
10 82
2 15
9 28
5 98
3 15
8 39
9 95
1 67
1 15
1 7
5 49
5 77
9 28
8 93
3 92
5 23
4 45
8 19
9 74
8 64
4 80
1 74
5 29
9 4
4 12
2 72
3 62
8 21
7 6
7 0
9 43
5 35
1 57
3 94
10 33
4 51
10 11
8 90
2 67
10 4
7 3
2 57
4 13
2 42
6 32
7 4
6 29
1 23
7 100
6 58
4 2
8 41
9 17
10 0
3 25
5 33
8 68
10 20
6 67
6 92
8 100
3 1
3 55
7 84
8 2
9 36
4 8
10 49
3 97
2 63
3 74
6 51
2 46
1 90
5 22
3 88
10 86
2 76
2 16
4 27
5 63
2 43
3 33
9 67
9 52
4 31
6 1
3 6
2 5
3 97
8 64
6 30
1 43
1 2
6 62
7 69
7 16
8 96
6 23
6 12
9 25
7 59
1 65
3 21
8 28
5 92
5 44
1 57
6 88
6 89
5 36
10 92
4 98
3 9
8 75
5 35
9 99
3 78
8 82
2 20
6 20
7 80
1 63
2 18
1 4
4 45
5 78
2 59
9 71
6 44
2 90
3 69
2 0
7 57
6 29
1 87
9 59
10 74
2 65
5 20
9 6
1 85
2 52
3 47
7 71
1 97
1 45
6 28
5 1
8 7
8 2
2 29
4 54
6 23
4 45
9 56
1 40
1 73
3 57
9 26
5 94
9 70
10 96
8 0
1 73
7 82
7 29
5 60
1 33
2 50
7 42
9 32
9 35
4 90
7 34
5 48
8 83
9 79
3 21
10 39
5 88
5 88
5 60
6 75
2 7
6 60
1 61
7 1
4 7
7 84
2 3
1 83
7 18
4 21
1 15
3 70
1 7
9 36
10 59
6 18
3 97
9 7
7 77
4 48
5 99
2 51
10 24
10 29
2 4
10 9
5 47
4 21
5 12
5 100
2 92
9 48
10 2
2 63
3 65
9 48
3 70
10 27
9 67
6 90
9 29
5 71
10 35
4 53
10 0
9 3
3 93
9 45
2 9
3 30
10 3
9 24
5 18
2 55
9 45
4 2
2 84
1 35
6 40
10 38
3 48
3 42
8 21
9 49
1 53
5 12
7 33
7 92
7 43
6 28
8 11
1 92
4 67
9 61
3 78
10 94
3 36
6 65
9 25
1 82
9 23
7 80
4 74
5 32
10 79
5 17
4 85
5 96
6 40
3 7
3 59
3 2
7 25
9 17
1 65
2 39
9 86
3 98
10 55
4 55
2 88
9 9
2 60
5 53
4 66
2 73
3 12
8 28
5 91
1 13
6 66
10 4
6 95
3 13
10 27
4 89
2 6
5 19
6 75
1 81
2 61
2 73
5 57
1 18
2 79
9 9
5 27
1 43
6 55
1 86
10 4
9 57
7 47
10 98
10 77
4 24
10 19
9 26
8 83
1 81
1 39
2 3
8 4
1 18
6 43
4 73
3 35
3 93
6 92
6 34
1 7
9 38
1 91
6 85
9 43
3 58
10 79
10 12
7 56
3 78
8 1
5 82
9 0
6 66
2 90
6 17
1 41
4 8
2 4
6 97
10 22
4 51
3 36
9 74
8 22
5 17
6 83
1 96
10 68
3 3
6 47
3 12
8 59
1 64
6 19
6 30
2 70
7 13
4 39
3 74
8 33
10 82
3 61
1 10
8 44
4 91
10 3
2 54
9 28
4 60
10 43
4 31
1 66
5 93
4 50
9 57
5 71
5 6
1 28
10 87
8 47
4 97
10 65
8 5
10 27
5 6
5 25
3 2
2 68
9 20
7 24
8 18
10 96
7 25
3 12
4 6
5 46
6 10
2 73
8 4
8 11
10 94
9 32
1 80
6 54
6 79
9 93
5 51
6 83
9 53
2 34
3 37
7 77
5 69
3 59
7 9
10 77
10 91
7 48
8 73
3 42
6 95
7 47
7 6
2 53
7 64
1 49
6 62
2 9
10 6
1 12
1 90
5 57
2 13
1 43
9 81
5 18
9 32
7 92
10 74
8 77
7 59
9 81
10 33
7 47
1 10
1 4
5 46
5 82
7 15
6 24
1 68
6 62
3 50
7 79
7 15
6 39
2 15
2 62
2 94
7 85
3 2
3 38
6 50
10 64
8 47
4 81
9 23
10 23
9 9
1 55
10 99
3 33
7 27
7 46
6 50
2 61
2 83
6 8
4 83
2 39
9 36
2 14
5 14
6 96
8 14
4 52
9 0
8 59
7 46
4 28
6 75
8 96
7 72
9 1
4 81
9 66
8 5
10 22
3 6
1 13
5 37
7 14
8 56
1 1
1 41
6 3
4 70
3 29
3 12
4 16
9 12
3 88
10 17
2 40
4 84
9 95
8 43
2 66
4 25
2 26
5 7
5 67
5 81
2 78
1 29
3 16
5 94
6 55
9 51
10 50
1 53
1 31
6 65
6 92
3 71
7 64
5 7
9 10
5 18
9 66
4 79
10 38
8 22
3 31
8 53
2 76
1 80
9 59
2 81
6 84
1 38
3 87
7 77
4 47
9 96
6 80
1 75
10 38
3 41
9 60
1 4
6 58
3 66
6 43
1 83
8 33
7 51
7 72
8 23
1 9
5 20
1 79
7 43
10 10
9 34
5 96
9 84
3 35
5 4
8 25
10 70
7 70
8 37
1 52
9 64
1 84
6 7
6 49
2 71
9 95
9 52
8 92
2 39
5 53
8 85
3 62
5 48
9 18
10 38
2 72
3 90
7 74
7 45
8 5
9 89
3 69
1 19
7 35
8 82
10 47
5 25
3 77
1 25
6 2
9 0
3 23
6 76
8 95
10 0
7 53
2 32
3 3
1 77
5 71
1 28
9 1
9 25
5 22
10 52
9 14
2 72
3 100
9 8
5 48
10 2
